R=10;
C=1/10^6;