R=10;
C=10^(-6);